[acq_params]
amplitude = 0.575
p90_us = 1.7
deadtime_us = 10.0
tau_us = 3500.0
deblank_us = 1.0
acq_time_ms = 512.0574266666666
echo_acq_ms = 5.0
sw_khz = 3.8999532005615936
nscans = 2
thermal_nscans = 3
carrierfreq_mhz = 14.888852134000002
nechoes = 1
startconstant = 0.15
stopconstant = 2.0
gamma_eff_mhz_g = 0.004277641289615282
field_width = 10.0
adc_offset = 35

[sample_params]
concentration = 0.0135
krho_cold = 380.0
krho_hot = 260.0
t1water_hot = 2.98
t1water_cold = 2.17
repetition_us = 1000000.0
guessed_mhz_to_ghz = 1.534
guessed_phalf = 0.3

[odnp_params]
max_power = 3.16
num_t1s = 6
uw_dip_center_ghz = 9.705901
uw_dip_width_ghz = 0.02
fir_rep = 520078.8844482451
min_dbm_step = 1.0

[file_names]
chemical = 13p5mM_TEMPOL_VTUprobe
type = ODNP
date = 240705
echo_counter = 14
odnp_counter = 1

