[acq_params]
amplitude = 0.2
p90_us = 1.7
beta_90_s_sqrtw = 2.5e-05
deadtime_us = 10.0
tau_us = 3500.0
deblank_us = 50.0
acq_time_ms = 1024.0
sw_khz = 3.8999532005615936
nscans = 1
thermal_nscans = 3
carrierfreq_mhz = 14.895116358000001
nechoes = 1
startconstant = 0.15
stopconstant = 2.0
gamma_eff_mhz_g = 0.004287070716629787
field_width = 10.0

[sample_params]
concentration = 0.005
krho_cold = 380.0
krho_hot = 260.0
t1water_hot = 2.98
t1water_cold = 2.17
repetition_us = 1000000.0
guessed_mhz_to_ghz = 1.5167
guessed_phalf = 0.3

[odnp_params]
max_power = 3.16
num_t1s = 2
uw_dip_center_ghz = 9.819462
uw_dip_width_ghz = 0.02
fir_rep = 500000.0
min_dbm_step = 1.0

[file_names]
chemical = NiSO4

