[acq_params]
adc_offset = 37
amplitude = 1.0
p90_us = 6.0
deadtime_us = 20.0
tau_us = 3500.0
deblank_us = 1.0
sw_khz = 200.0
acq_time_ms = 10.0
echo_acq_ms = 5.0
nscans = 1
thermal_nscans = 1
carrierfreq_mhz = 14.89
nechoes = 1
startconstant = 0.15
stopconstant = 2.0
gamma_eff_mhz_g = 0.0042870965077040565
field_width = 10.0
prog_p90_us = 5.9811066683578655
prog_p180_us = 8.620136808690223

[sample_params]
concentration = 0.027
pr_krho_cold = 1823.0
pr_krho_hot = 1335.8
krho_hot = 380.0
krho_cold = 260.0
t1water_hot = 2.98
t1water_cold = 2.17
repetition_us = 800000.0
guessed_mhz_to_ghz = 1.5168
guessed_phalf = 0.3

[odnp_params]
max_power = 2.51
power_steps = 5
num_t1s = 5
uw_dip_center_ghz = 9.819055
uw_dip_width_ghz = 0.008
fir_rep = 4859435.131433044

[file_names]
chemical = calib_prep
date = 240801
type = pulse_calib
misc_counter = 7

